# SEQUENCES:    576021
# N-IGNORED:    123
# LEN-IGNORED:  0
# PATTERN:      11
	G			T			A			C			
0 	-0.487727		0.386000		-0.012863		-0.016010		
1 	-0.509140		0.476761		-0.080215		-0.059155		
2 	-0.513596		0.414609		-0.048786		-0.000233		
3 	-0.931993		0.656946		-0.103339		-0.046549		
4 	-0.286613		-0.344370		0.554113		-0.113633		
5 	-3.928290		0.642431		-1.285795		0.973217		
6 	-17.135762		-17.135762		2.000000		-17.135762		
7 	2.000000		-17.135762		-17.135762		-17.135762		
8 	0.340525		-0.339900		0.130009		-0.235508		
9 	-0.400232		0.372613		-0.156661		0.071033		
10 	-0.334584		0.121488		0.029577		0.135428		
