# SEQUENCES:    574185
# N-IGNORED:    305
# LEN-IGNORED:  0
# PATTERN:      9
	G			T			A			C			
0 	-0.234469		-0.346508		0.430206		0.023029		
1 	-0.461454		-0.088791		0.601508		-0.293122		
2 	0.974553		-0.354338		-0.454276		-0.935496		
3 	2.000000		-17.131156		-17.131156		-17.131156		
4 	-17.131156		2.000000		-17.131156		-17.131156		
5 	-0.168181		-1.605299		1.331106		-1.913691		
6 	-1.455585		-0.194725		1.040250		-0.504164		
7 	1.768516		-2.464655		-1.815653		-2.968843		
8 	-1.649893		1.326048		-1.066077		-0.521660		
