# SEQUENCES:    859
# N-IGNORED:    0
# LEN-IGNORED:  0
# PATTERN:      9
	G			T			A			C			
0 	-0.901024		0.593336		0.428411		-0.713091		
1 	0.086376		-0.827651		0.929443		-1.088303		
2 	1.133069		-1.388962		0.253486		-2.102658		
3 	2.000000		-7.746514		-7.746514		-7.746514		
4 	-7.746514		-7.746514		-7.746514		2.000000		
5 	-0.371475		-1.176659		1.314182		-1.746514		
6 	-0.556690		-0.659051		1.130003		-1.005047		
7 	1.458057		-1.238720		-1.254661		-1.287083		
8 	-0.637990		1.105235		-0.804000		-0.659051		
