# SEQUENCES:    13004
# N-IGNORED:    43
# LEN-IGNORED:  0
# PATTERN:      9
	G			T			A			C			
0 	-1.122669		1.243038		-0.656140		-0.891058		
1 	0.347701		-0.685814		0.707828		-1.081705		
2 	0.560647		-1.026423		0.654978		-1.121703		
3 	0.373279		-0.419334		0.392339		-0.633933		
4 	-0.127994		-0.371473		-0.021910		0.408143		
5 	0.066771		-0.142126		0.443815		-0.543193		
6 	-0.060263		-0.015168		0.314543		-0.308017		
7 	0.451949		-0.093494		-0.115921		-0.373196		
8 	-0.057489		0.409480		-0.185373		-0.266322		
