# SEQUENCES:    2428
# N-IGNORED:    3
# LEN-IGNORED:  0
# PATTERN:      9
	G			T			A			C			
0 	-0.729853		0.374667		0.482368		-0.507460		
1 	-0.276886		-0.718076		1.051364		-1.016734		
2 	1.168075		-1.085681		0.035218		-1.960150		
3 	2.000000		-9.245553		-9.245553		-9.245553		
4 	-9.245553		-9.245553		-9.245553		2.000000		
5 	-0.555555		-1.163404		1.357146		-1.683310		
6 	-0.737758		-0.487329		1.114197		-0.937214		
7 	1.474692		-1.291356		-1.326689		-1.274009		
8 	-0.823488		1.179663		-1.070627		-0.527876		
