# SEQUENCES:    279540
# N-IGNORED:    244
# LEN-IGNORED:  280
# PATTERN:      19
	G			T			A			C			
0 	-0.404223		0.024011		0.252288		0.046111		
1 	-0.787579		0.063030		0.033512		0.431381		
2 	-0.501303		-0.095505		0.183892		0.284088		
3 	0.076979		-0.023327		0.058957		-0.127341		
4 	-0.952192		0.262175		-0.169768		0.475998		
5 	-1.068697		-0.962926		0.045612		0.981204		
6 	-0.255453		-2.036232		1.377734		-1.662577		
7 	-1.444322		-0.307283		0.500841		0.490911		
8 	-0.510880		-1.177141		0.262759		0.724393		
9 	-14.509177		-11.286785		1.997993		-9.808737		
10 	-14.094140		1.998473		-15.094140		-12.772211		
11 	1.998452		-13.286785		-13.094140		-13.772211		
12 	0.671949		-0.222042		-0.307436		-0.439587		
13 	-0.885067		-0.726759		-0.254517		1.008636		
14 	-0.083721		0.272097		-0.461741		0.161829		
15 	0.180875		-0.151465		0.016425		-0.073029		
16 	-0.600628		-0.182162		0.073769		0.488194		
17 	-0.411968		-0.130882		-0.203685		0.548730		
18 	-0.013884		-0.305345		0.190305		0.077682		
