# Information Content (IC) data of translational startsites (ATG) of 5 fungal species
# M. grisea
# N. crassa
# F. graminearum
# F. verticelioides
# F. oxysporium
# SEQUENCES:    67564 
# N-IGNORED:    45 
# PATTERN:      19
        G                       T                       A                       C
0       -0.420039               0.018365                0.300735                0.005396
1       -0.896596               0.072688                -0.001860               0.493848
2       -0.544905               -0.163040               0.183858                0.357540
3       0.183105                -0.062866               0.042135                -0.195263
4       -1.172834               0.377941                -0.210413               0.473433
5       -1.222827               -1.050776               -0.058676               1.087082
6       -0.372350               -2.266162               1.446466                -1.786208
7       -1.837824               -0.272032               0.547230                0.512542
8       -0.639594               -1.461335               0.382603                0.754453
9       -13.043006              -10.043006              1.997669                -9.795078
10      -13.043006              1.998290                -14.043006              -11.721078
11      1.998247                -13.043006              -11.721078              -12.458043
12      0.707230                -0.245446               -0.296702               -0.503484
13      -0.947609               -0.791228               -0.238572               1.036895
14      -0.017434               0.326251                -0.652300               0.160572
15      0.203289                -0.100033               -0.052636               -0.078214
16      -0.604214               -0.229525               0.032640                0.548049
17      -0.469832               -0.166777               -0.316788               0.659924
18      -0.073170               -0.280416               0.189115                0.113393
